0 0 0 0 0 0 0 0 0 0 0 0 0 0 0 0 0 0 0 0
0 15 12 18 0 20 22 17 0 11 14 19 0 13 16 21 0 11 18 0
0 13 17 14 0 18 15 20 0 16 12 22 0 19 14 17 0 20 15 0
0 19 21 16 0 14 18 13 0 22 17 15 0 18 20 12 0 17 19 0
0 0 0 0 0 0 0 0 0 0 0 0 0 0 0 0 0 0 0 0
0 12 18 15 0 21 16 19 0 13 17 20 0 15 22 14 0 18 21 0
0 20 14 17 0 19 13 18 0 21 16 15 0 14 19 22 0 13 17 0
0 16 19 21 0 15 20 14 0 18 22 13 0 17 15 19 0 20 14 0
0 0 0 0 0 0 0 0 0 0 0 0 0 0 0 0 0 0 0 0
0 18 15 20 0 17 19 22 0 14 21 16 0 13 18 15 0 19 21 0
0 14 17 13 0 20 15 18 0 22 19 14 0 21 16 13 0 18 15 0
0 21 19 16 0 13 18 20 0 15 14 22 0 19 17 21 0 14 20 0
0 0 0 0 0 0 0 0 0 0 0 0 0 0 0 0 0 0 0 0
0 15 22 19 0 18 14 21 0 17 20 13 0 16 19 15 0 21 18 0
0 17 13 20 0 15 19 16 0 14 22 18 0 20 15 21 0 13 17 0
0 19 21 14 0 22 17 15 0 18 13 20 0 15 19 16 0 21 14 0
0 0 0 0 0 0 0 0 0 0 0 0 0 0 0 0 0 0 0 0
0 18 15 20 0 17 19 22 0 14 21 16 0 13 18 15 0 19 21 0
0 14 17 13 0 20 15 18 0 22 19 14 0 21 16 13 0 18 15 0
0 0 0 0 0 0 0 0 0 0 0 0 0 0 0 0 0 0 0 0